$ANSIBLE_VAULT;1.1;AES256
31356432623130636562663962653931633237356661313732316666393236313265666433336662
6130343463633764633937303632616164356137323663370a626466346663396237323236333863
35303061643237323837386334323964386337313531626139636261646534636163336332376132
3933656430643330350a356535623538656539316334313438623563613635626636333131356538
35393262643337643966653437303634346266356239383634653635316138396465373664663663
38376261353338626263363461386262303832306330653363303535353031396236333832323765
31623236636461616330623738306532323466333962623765373866313762613839663535393465
66376161323230616639366161663435653139323835646562393634386133623530623364663238
30663033323135333735643065666361386662393437376265313531316538333463303733373061
36373137663639653730646536346238313461613962323434393963353065386466396636643964
39376136336336633464626638633835376165663362373663333163383166393664303864323537
35323035666666333339313830653632633230663136313533303131303934646431373936393562
32323161623166336163386132613664646636646665303435303430326233653838393664613237
31333661353330306430633736616262363431376662346665653635666432643730613030396133
33343861656432663834643130666638616439333931643737643465386135386236326438626265
35326338393261613239323961343062346663316634383465626338376134313061316564656464
39346135353662383933383630393130366565613339346136643264653831313631356135613564
31643265643231653464656635616364646264373130643136643834373262393834656336343931
30363133633864306331363130656539383437633466306230393262646662653534393839353233
39376463666164656365666235623333313730366466396336653932393634333835346334376130
33313832613838663566336539376666336235306233346564613833643933363564633362656561
65366536336532616635326464343566626662393565343261333430613862373463643736363465
39336435363532383733356134346333306365333362636633393137643463323830313234323536
62613464653937363865643662303435346338326565316365646664303831383635313732653764
3864
